em: 0.26711681296421336
f1: 0.3710101848604746
acc: 0.35705604321404455
precision: 0.3794731548124578
recall: 0.42201233249501535
