em: 0.2275489534098582
f1: 0.3277961558688571
acc: 0.3088453747467927
precision: 0.3373426867935632
recall: 0.3747660534004222
