em: 0.2687373396353815
f1: 0.3786826818942333
acc: 0.36286293045239704
precision: 0.3875378695997516
recall: 0.4301357534730251
