em: 0.19162727886563133
f1: 0.2695892152095564
acc: 0.21823092505064146
precision: 0.28789393790936724
recall: 0.27335069467521683
