em: 0.3186514753435732
f1: 0.43729002145742035
acc: 0.44339884801940177
precision: 0.4391777539724082
recall: 0.5084992252762064
