em: 0.2664415935178933
f1: 0.3762114954994037
acc: 0.3604321404456448
precision: 0.3852380063782115
recall: 0.4269315205388808
