em: 0.40743197673775805
f1: 0.4887375663859487
acc: 0.4707287140535341
precision: 0.4925128494393561
recall: 0.5175648713044669
