em: 0.3448753462603878
f1: 0.457998901951171
acc: 0.5060941828254848
precision: 0.44567058275476684
recall: 0.5609556786703603
