em: 0.29583922797089734
f1: 0.4099082437753396
acc: 0.41203516572352467
precision: 0.4123900217331163
recall: 0.4770222817299928
