em: 0.5766199149584311
f1: 0.6835004208092441
acc: 0.7060227200609253
precision: 0.6748415521379034
recall: 0.7505790514968322
