em: 0.4419936537419704
f1: 0.5260888445566293
acc: 0.5070704390416487
precision: 0.5299573585661806
recall: 0.5547619447833539
