em: 0.32712712206952305
f1: 0.4701372654392127
acc: 0.5442603071948262
precision: 0.45206354167636786
recall: 0.6132477768795458
