em: 0.5589145231150005
f1: 0.6532712589705446
acc: 0.6594183682489172
precision: 0.6514333052251823
recall: 0.7023948912933042
