em: 0.2924919159256265
f1: 0.42517405354009186
acc: 0.49094331042845596
precision: 0.40956989029067353
recall: 0.5582977549851782
