em: 0.275354490209318
f1: 0.38597466505080197
acc: 0.36948008102633356
precision: 0.3958434637092736
recall: 0.4379137504778963
