em: 0.28361206548100243
f1: 0.4147635645705787
acc: 0.47828668148746967
precision: 0.39924830954632273
recall: 0.5461594331042866
