em: 0.5514894369309644
f1: 0.6421251911712689
acc: 0.6498718288694423
precision: 0.6388917545939948
recall: 0.6918450632814933
