em: 0.3877187745309408
f1: 0.468914169536553
acc: 0.4493239134520769
precision: 0.4724852692958272
recall: 0.4975220109618367
