em: 0.33538803556992725
f1: 0.48037819023739925
acc: 0.5559190582053355
precision: 0.4620963551303783
recall: 0.6249680005389381
