em: 0.31087055375909456
f1: 0.4494617196600463
acc: 0.5165470897332255
precision: 0.43277130268527947
recall: 0.5855848743600085
