em: 0.3723838269926034
f1: 0.45149402368943803
acc: 0.43290545844527734
precision: 0.45530168449175135
recall: 0.48078696766358436
