em: 0.19942065519033245
f1: 0.27974494315667964
acc: 0.273972602739726
precision: 0.2739048625894485
recall: 0.33135845986954626
