em: 0.30664819944598337
f1: 0.40357718576128937
acc: 0.43130193905817177
precision: 0.39590518716935175
recall: 0.4859141274238227
