em: 0.24415935178933154
f1: 0.34630010584944765
acc: 0.3282916948008103
precision: 0.3556092456321769
recall: 0.3935799130346734
