em: 0.24726536124240378
f1: 0.35009362042768727
acc: 0.33342336259284266
precision: 0.35948309048050153
recall: 0.39799511456887254
