em: 0.5975426500486166
f1: 0.6937724159458576
acc: 0.7046760364182798
precision: 0.6907342544296196
recall: 0.7443729573635136
