em: 0.31258841956346
f1: 0.45375166459295807
acc: 0.5224206750202102
precision: 0.437127401876694
recall: 0.5925481255052548
