em: 0.3323272192554756
f1: 0.4066810429715641
acc: 0.40185965261423817
precision: 0.4118322477460157
recall: 0.4426817083499377
