em: 0.33711455327429324
f1: 0.4140044510143711
acc: 0.41104735369885126
precision: 0.41911537858058184
recall: 0.4523788660847949
