em: 0.5414990163102114
f1: 0.6470915456062328
acc: 0.6685155803769753
precision: 0.6381877466804536
recall: 0.7155544428598829
