em: 0.4354373279379084
f1: 0.5204755893332089
acc: 0.5008789677932933
precision: 0.5248902093167634
recall: 0.5486790412064382
