em: 0.36121883656509696
f1: 0.4735103345182635
acc: 0.5202216066481995
precision: 0.4621579082785611
recall: 0.5759325946445059
