em: 0.26477869846402585
f1: 0.3907871669387665
acc: 0.44565986257073564
precision: 0.3767565903259918
recall: 0.5142816542037189
