em: 0.33518005540166207
f1: 0.4349468126236571
acc: 0.47202216066481995
precision: 0.4256157540830042
recall: 0.5227516158818097
