em: 0.42572998551637975
f1: 0.5085255295138665
acc: 0.49130429975565804
precision: 0.5122928726927675
recall: 0.5378970961599799
