em: 0.35443295043472745
f1: 0.4589458036562088
acc: 0.5043853525417274
precision: 0.44301537243093597
recall: 0.5585909478483968
