em: 0.5626324808021832
f1: 0.6693497602538432
acc: 0.6904233039284128
precision: 0.6605928261761469
recall: 0.7361461121528511
