em: 0.5883496862017148
f1: 0.6812984365028191
acc: 0.6900910456996376
precision: 0.6781325533720092
recall: 0.7297629144455579
