em: 0.3158978375101051
f1: 0.45834656788104766
acc: 0.5260837712206953
precision: 0.44112575709524976
recall: 0.5958969112099152
