em: 0.1786630654962863
f1: 0.2615253633243273
acc: 0.250101282916948
precision: 0.26709560065200116
recall: 0.3048837562392593
