em: 0.4189304233418466
f1: 0.5034367924220864
acc: 0.48444945658783595
precision: 0.507705390460586
recall: 0.532750486379714
