em: 0.5555555555555556
f1: 0.6476227464817917
acc: 0.6542031291434632
precision: 0.644707185574916
recall: 0.6969145838350531
