em: 0.37261600716441673
f1: 0.4540203600281178
acc: 0.45253021106283237
precision: 0.4588035266479114
recall: 0.4950608529065252
