em: 0.3480446645109135
f1: 0.4755008473739144
acc: 0.4847286782538399
precision: 0.47664656855182524
recall: 0.5530140545001345
