em: 0.3235457063711911
f1: 0.427084513222081
acc: 0.464819944598338
precision: 0.41766779915272934
recall: 0.5197876269621423
