em: 0.586520276702418
f1: 0.6936689519310435
acc: 0.7159611601193121
precision: 0.6852809647965467
recall: 0.7602353506872022
