em: 0.5493431490766009
f1: 0.6548708921278287
acc: 0.6771085866598971
precision: 0.645942988673211
recall: 0.7227884937701368
