em: 0.5934886082376086
f1: 0.7009226767886986
acc: 0.7240337627721013
precision: 0.6924933801877381
recall: 0.7673037596025698
