em: 0.5632458233890215
f1: 0.6561172205355108
acc: 0.663661274639795
precision: 0.6527370761557716
recall: 0.7055033811437605
