em: 0.5471346068414038
f1: 0.6514433907452754
acc: 0.6729199720759028
precision: 0.6425899733178906
recall: 0.7182298799668301
