em: 0.3371191135734072
f1: 0.44601700669573335
acc: 0.48337950138504154
precision: 0.4367252643057643
recall: 0.5383056325023083
