em: 0.25307224848075627
f1: 0.35747304436991373
acc: 0.3411208642808913
precision: 0.36774490578528024
recall: 0.40499040253766816
