em: 0.058823529411764705
f1: 0.058823529411764705
acc: 0.058823529411764705
