em: 0.12936288088642658
f1: 0.1822331669364304
acc: 0.19058171745152355
precision: 0.1774213312030993
recall: 0.2347045244690676
