em: 0.0831143896523848
f1: 0.17862041089359446
acc: 0.2540672999191593
precision: 0.15483525422210462
recall: 0.33539035132039413
