em: 0.5478707875864695
f1: 0.653655963463477
acc: 0.6753442914260329
precision: 0.6446566909691388
recall: 0.7219661388326246
