em: 0.3808197065684876
f1: 0.46148035668927373
acc: 0.44350835295808594
precision: 0.46555248759203594
recall: 0.49119531685584206
